theta   d_times   d_db
0.000000   0.000000   -90.000000
0.001572   0.000000   -90.000000
0.003143   0.000000   -89.999996
0.004715   0.000000   -89.999956
0.006286   0.000000   -89.999754
0.007858   0.000000   -89.999062
0.009429   0.000000   -89.997200
0.011001   0.000000   -89.992943
0.012573   0.000000   -89.984292
0.014144   0.000000   -89.968215
0.015716   0.000000   -89.940382
0.017287   0.000000   -89.894936
0.018859   0.000000   -89.824354
0.020431   0.000000   -89.719506
0.022002   0.000000   -89.570014
0.023574   0.000000   -89.365000
0.025145   0.000000   -89.094249
0.026717   0.000000   -88.749628
0.028288   0.000000   -88.326456
0.029860   0.000000   -87.824424
0.031432   0.000000   -87.247753
0.033003   0.000000   -86.604531
0.034575   0.000000   -85.905462
0.036146   0.000000   -85.162433
0.037718   0.000000   -84.387231
0.039290   0.000000   -83.590646
0.040861   0.000000   -82.781970
0.042433   0.000000   -81.968833
0.044004   0.000000   -81.157259
0.045576   0.000000   -80.351850
0.047147   0.000000   -79.556013
0.048719   0.000000   -78.772184
0.050291   0.000000   -78.002039
0.051862   0.000000   -77.246669
0.053434   0.000000   -76.506718
0.055005   0.000000   -75.782500
0.056577   0.000000   -75.074085
0.058149   0.000000   -74.381362
0.059720   0.000000   -73.704099
0.061292   0.000000   -73.041972
0.062863   0.000000   -72.394600
0.064435   0.000000   -71.761563
0.066006   0.000000   -71.142420
0.067578   0.000000   -70.536718
0.069150   0.000000   -69.944005
0.070721   0.000000   -69.363830
0.072293   0.000000   -68.795752
0.073864   0.000000   -68.239341
0.075436   0.000000   -67.694180
0.077008   0.000000   -67.159867
0.078579   0.000000   -66.636016
0.080151   0.000000   -66.122254
0.081722   0.000000   -65.618226
0.083294   0.000000   -65.123591
0.084865   0.000000   -64.638023
0.086437   0.000000   -64.161212
0.088009   0.000000   -63.692859
0.089580   0.000000   -63.232681
0.091152   0.000001   -62.780407
0.092723   0.000001   -62.335778
0.094295   0.000001   -61.898546
0.095867   0.000001   -61.468475
0.097438   0.000001   -61.045340
0.099010   0.000001   -60.628924
0.100581   0.000001   -60.219022
0.102153   0.000001   -59.815436
0.103724   0.000001   -59.417978
0.105296   0.000001   -59.026466
0.106868   0.000001   -58.640728
0.108439   0.000001   -58.260597
0.110011   0.000002   -57.885915
0.111582   0.000002   -57.516529
0.113154   0.000002   -57.152294
0.114725   0.000002   -56.793067
0.116297   0.000002   -56.438715
0.117869   0.000002   -56.089108
0.119440   0.000003   -55.744121
0.121012   0.000003   -55.403635
0.122583   0.000003   -55.067535
0.124155   0.000003   -54.735709
0.125727   0.000004   -54.408050
0.127298   0.000004   -54.084457
0.128870   0.000004   -53.764829
0.130441   0.000005   -53.449071
0.132013   0.000005   -53.137090
0.133584   0.000005   -52.828799
0.135156   0.000006   -52.524110
0.136728   0.000006   -52.222942
0.138299   0.000006   -51.925213
0.139871   0.000007   -51.630847
0.141442   0.000007   -51.339768
0.143014   0.000008   -51.051905
0.144586   0.000008   -50.767186
0.146157   0.000009   -50.485545
0.147729   0.000010   -50.206916
0.149300   0.000010   -49.931234
0.150872   0.000011   -49.658440
0.152443   0.000012   -49.388472
0.154015   0.000012   -49.121273
0.155587   0.000013   -48.856788
0.157158   0.000014   -48.594961
0.158730   0.000015   -48.335740
0.160301   0.000016   -48.079073
0.161873   0.000016   -47.824911
0.163445   0.000017   -47.573206
0.165016   0.000019   -47.323911
0.166588   0.000020   -47.076980
0.168159   0.000021   -46.832368
0.169731   0.000022   -46.590034
0.171302   0.000023   -46.349934
0.172874   0.000024   -46.112028
0.174446   0.000026   -45.876277
0.176017   0.000027   -45.642642
0.177589   0.000029   -45.411085
0.179160   0.000030   -45.181571
0.180732   0.000032   -44.954062
0.182304   0.000034   -44.728525
0.183875   0.000035   -44.504926
0.185447   0.000037   -44.283233
0.187018   0.000039   -44.063411
0.188590   0.000041   -43.845432
0.190161   0.000043   -43.629264
0.191733   0.000046   -43.414877
0.193305   0.000048   -43.202242
0.194876   0.000050   -42.991332
0.196448   0.000053   -42.782118
0.198019   0.000055   -42.574573
0.199591   0.000058   -42.368672
0.201163   0.000061   -42.164388
0.202734   0.000064   -41.961696
0.204306   0.000067   -41.760573
0.205877   0.000070   -41.560993
0.207449   0.000073   -41.362934
0.209020   0.000076   -41.166372
0.210592   0.000080   -40.971285
0.212164   0.000084   -40.777652
0.213735   0.000087   -40.585451
0.215307   0.000091   -40.394661
0.216878   0.000095   -40.205262
0.218450   0.000100   -40.017233
0.220021   0.000104   -39.830555
0.221593   0.000109   -39.645209
0.223165   0.000113   -39.461176
0.224736   0.000118   -39.278438
0.226308   0.000123   -39.096977
0.227879   0.000128   -38.916775
0.229451   0.000134   -38.737815
0.231023   0.000139   -38.560080
0.232594   0.000145   -38.383553
0.234166   0.000151   -38.208219
0.235737   0.000157   -38.034062
0.237309   0.000164   -37.861065
0.238880   0.000170   -37.689214
0.240452   0.000177   -37.518493
0.242024   0.000184   -37.348889
0.243595   0.000191   -37.180387
0.245167   0.000199   -37.012971
0.246738   0.000207   -36.846630
0.248310   0.000215   -36.681349
0.249882   0.000223   -36.517115
0.251453   0.000232   -36.353915
0.253025   0.000240   -36.191735
0.254596   0.000249   -36.030565
0.256168   0.000259   -35.870390
0.257739   0.000268   -35.711200
0.259311   0.000278   -35.552981
0.260883   0.000289   -35.395723
0.262454   0.000299   -35.239415
0.264026   0.000310   -35.084044
0.265597   0.000321   -34.929599
0.267169   0.000333   -34.776071
0.268741   0.000345   -34.623448
0.270312   0.000357   -34.471720
0.271884   0.000370   -34.320876
0.273455   0.000383   -34.170906
0.275027   0.000396   -34.021801
0.276598   0.000410   -33.873551
0.278170   0.000424   -33.726145
0.279742   0.000439   -33.579576
0.281313   0.000454   -33.433832
0.282885   0.000469   -33.288906
0.284456   0.000485   -33.144788
0.286028   0.000501   -33.001470
0.287600   0.000518   -32.858942
0.289171   0.000535   -32.717197
0.290743   0.000553   -32.576225
0.292314   0.000571   -32.436019
0.293886   0.000589   -32.296571
0.295457   0.000608   -32.157871
0.297029   0.000628   -32.019914
0.298601   0.000648   -31.882691
0.300172   0.000669   -31.746193
0.301744   0.000690   -31.610415
0.303315   0.000712   -31.475348
0.304887   0.000734   -31.340985
0.306459   0.000757   -31.207319
0.308030   0.000781   -31.074343
0.309602   0.000805   -30.942050
0.311173   0.000830   -30.810433
0.312745   0.000855   -30.679486
0.314316   0.000881   -30.549202
0.315888   0.000908   -30.419574
0.317460   0.000935   -30.290596
0.319031   0.000963   -30.162261
0.320603   0.000992   -30.034564
0.322174   0.001022   -29.907498
0.323746   0.001052   -29.781058
0.325317   0.001083   -29.655236
0.326889   0.001114   -29.530028
0.328461   0.001147   -29.405428
0.330032   0.001180   -29.281430
0.331604   0.001214   -29.158027
0.333175   0.001249   -29.035216
0.334747   0.001284   -28.912990
0.336319   0.001321   -28.791343
0.337890   0.001358   -28.670272
0.339462   0.001396   -28.549769
0.341033   0.001436   -28.429831
0.342605   0.001476   -28.310452
0.344176   0.001516   -28.191627
0.345748   0.001558   -28.073351
0.347320   0.001601   -27.955620
0.348891   0.001645   -27.838428
0.350463   0.001690   -27.721771
0.352034   0.001736   -27.605643
0.353606   0.001782   -27.490042
0.355178   0.001830   -27.374961
0.356749   0.001879   -27.260396
0.358321   0.001929   -27.146343
0.359892   0.001980   -27.032798
0.361464   0.002032   -26.919757
0.363035   0.002086   -26.807214
0.364607   0.002140   -26.695166
0.366179   0.002196   -26.583608
0.367750   0.002253   -26.472538
0.369322   0.002311   -26.361949
0.370893   0.002370   -26.251840
0.372465   0.002431   -26.142205
0.374037   0.002493   -26.033040
0.375608   0.002556   -25.924342
0.377180   0.002621   -25.816108
0.378751   0.002686   -25.708333
0.380323   0.002754   -25.601013
0.381894   0.002822   -25.494146
0.383466   0.002892   -25.387727
0.385038   0.002964   -25.281752
0.386609   0.003037   -25.176220
0.388181   0.003111   -25.071125
0.389752   0.003187   -24.966464
0.391324   0.003264   -24.862234
0.392896   0.003343   -24.758433
0.394467   0.003424   -24.655055
0.396039   0.003506   -24.552099
0.397610   0.003590   -24.449561
0.399182   0.003675   -24.347437
0.400753   0.003762   -24.245726
0.402325   0.003851   -24.144422
0.403897   0.003941   -24.043524
0.405468   0.004034   -23.943029
0.407040   0.004128   -23.842933
0.408611   0.004224   -23.743233
0.410183   0.004321   -23.643927
0.411755   0.004421   -23.545012
0.413326   0.004522   -23.446485
0.414898   0.004626   -23.348342
0.416469   0.004731   -23.250582
0.418041   0.004838   -23.153201
0.419612   0.004947   -23.056196
0.421184   0.005059   -22.959566
0.422756   0.005172   -22.863307
0.424327   0.005288   -22.767417
0.425899   0.005405   -22.671893
0.427470   0.005525   -22.576732
0.429042   0.005647   -22.481933
0.430614   0.005771   -22.387492
0.432185   0.005897   -22.293407
0.433757   0.006026   -22.199675
0.435328   0.006157   -22.106294
0.436900   0.006290   -22.013263
0.438471   0.006426   -21.920577
0.440043   0.006564   -21.828236
0.441615   0.006705   -21.736236
0.443186   0.006848   -21.644575
0.444758   0.006993   -21.553252
0.446329   0.007141   -21.462263
0.447901   0.007292   -21.371607
0.449472   0.007445   -21.281281
0.451044   0.007601   -21.191283
0.452616   0.007760   -21.101612
0.454187   0.007921   -21.012264
0.455759   0.008085   -20.923239
0.457330   0.008252   -20.834533
0.458902   0.008421   -20.746144
0.460474   0.008594   -20.658071
0.462045   0.008769   -20.570312
0.463617   0.008948   -20.482865
0.465188   0.009129   -20.395727
0.466760   0.009313   -20.308896
0.468331   0.009501   -20.222372
0.469903   0.009691   -20.136151
0.471475   0.009885   -20.050232
0.473046   0.010082   -19.964613
0.474618   0.010282   -19.879293
0.476189   0.010485   -19.794269
0.477761   0.010692   -19.709539
0.479333   0.010902   -19.625102
0.480904   0.011115   -19.540956
0.482476   0.011332   -19.457099
0.484047   0.011552   -19.373529
0.485619   0.011775   -19.290246
0.487190   0.012003   -19.207246
0.488762   0.012233   -19.124529
0.490334   0.012468   -19.042092
0.491905   0.012706   -18.959934
0.493477   0.012948   -18.878054
0.495048   0.013193   -18.796449
0.496620   0.013443   -18.715118
0.498192   0.013696   -18.634060
0.499763   0.013953   -18.553273
0.501335   0.014214   -18.472755
0.502906   0.014479   -18.392505
0.504478   0.014749   -18.312521
0.506049   0.015022   -18.232802
0.507621   0.015299   -18.153346
0.509193   0.015581   -18.074152
0.510764   0.015866   -17.995218
0.512336   0.016156   -17.916544
0.513907   0.016451   -17.838126
0.515479   0.016750   -17.759965
0.517051   0.017053   -17.682058
0.518622   0.017360   -17.604404
0.520194   0.017673   -17.527002
0.521765   0.017989   -17.449850
0.523337   0.018311   -17.372948
0.524908   0.018637   -17.296293
0.526480   0.018968   -17.219884
0.528052   0.019303   -17.143721
0.529623   0.019644   -17.067801
0.531195   0.019989   -16.992124
0.532766   0.020339   -16.916687
0.534338   0.020694   -16.841491
0.535910   0.021055   -16.766533
0.537481   0.021420   -16.691812
0.539053   0.021791   -16.617328
0.540624   0.022166   -16.543078
0.542196   0.022547   -16.469062
0.543767   0.022934   -16.395279
0.545339   0.023325   -16.321726
0.546911   0.023722   -16.248404
0.548482   0.024125   -16.175311
0.550054   0.024533   -16.102445
0.551625   0.024947   -16.029806
0.553197   0.025367   -15.957392
0.554768   0.025792   -15.885203
0.556340   0.026223   -15.813237
0.557912   0.026659   -15.741493
0.559483   0.027102   -15.669969
0.561055   0.027551   -15.598666
0.562626   0.028005   -15.527582
0.564198   0.028466   -15.456715
0.565770   0.028933   -15.386065
0.567341   0.029406   -15.315631
0.568913   0.029885   -15.245411
0.570484   0.030371   -15.175404
0.572056   0.030863   -15.105611
0.573627   0.031362   -15.036028
0.575199   0.031866   -14.966657
0.576771   0.032378   -14.897494
0.578342   0.032896   -14.828541
0.579914   0.033421   -14.759795
0.581485   0.033953   -14.691255
0.583057   0.034491   -14.622921
0.584629   0.035037   -14.554792
0.586200   0.035589   -14.486866
0.587772   0.036148   -14.419143
0.589343   0.036715   -14.351622
0.590915   0.037288   -14.284302
0.592486   0.037869   -14.217182
0.594058   0.038457   -14.150261
0.595630   0.039052   -14.083538
0.597201   0.039655   -14.017013
0.598773   0.040265   -13.950684
0.600344   0.040883   -13.884551
0.601916   0.041509   -13.818612
0.603488   0.042142   -13.752867
0.605059   0.042783   -13.687315
0.606631   0.043431   -13.621956
0.608202   0.044088   -13.556787
0.609774   0.044753   -13.491809
0.611345   0.045425   -13.427021
0.612917   0.046106   -13.362422
0.614489   0.046795   -13.298010
0.616060   0.047492   -13.233786
0.617632   0.048198   -13.169749
0.619203   0.048911   -13.105897
0.620775   0.049634   -13.042230
0.622347   0.050365   -12.978747
0.623918   0.051104   -12.915447
0.625490   0.051852   -12.852330
0.627061   0.052609   -12.789394
0.628633   0.053375   -12.726640
0.630204   0.054149   -12.664066
0.631776   0.054933   -12.601672
0.633348   0.055726   -12.539456
0.634919   0.056527   -12.477419
0.636491   0.057338   -12.415559
0.638062   0.058158   -12.353876
0.639634   0.058988   -12.292368
0.641206   0.059827   -12.231036
0.642777   0.060675   -12.169879
0.644349   0.061533   -12.108895
0.645920   0.062401   -12.048085
0.647492   0.063278   -11.987447
0.649063   0.064166   -11.926981
0.650635   0.065063   -11.866687
0.652207   0.065970   -11.806562
0.653778   0.066887   -11.746608
0.655350   0.067814   -11.686823
0.656921   0.068751   -11.627206
0.658493   0.069699   -11.567758
0.660064   0.070657   -11.508477
0.661636   0.071625   -11.449362
0.663208   0.072604   -11.390413
0.664779   0.073593   -11.331630
0.666351   0.074593   -11.273012
0.667922   0.075604   -11.214558
0.669494   0.076625   -11.156267
0.671066   0.077658   -11.098140
0.672637   0.078701   -11.040174
0.674209   0.079756   -10.982371
0.675780   0.080822   -10.924729
0.677352   0.081898   -10.867247
0.678923   0.082986   -10.809926
0.680495   0.084086   -10.752764
0.682067   0.085197   -10.695761
0.683638   0.086319   -10.638916
0.685210   0.087453   -10.582229
0.686781   0.088599   -10.525699
0.688353   0.089757   -10.469326
0.689925   0.090926   -10.413110
0.691496   0.092108   -10.357048
0.693068   0.093301   -10.301142
0.694639   0.094506   -10.245390
0.696211   0.095724   -10.189793
0.697782   0.096954   -10.134349
0.699354   0.098196   -10.079057
0.700926   0.099451   -10.023918
0.702497   0.100718   -9.968932
0.704069   0.101998   -9.914096
0.705640   0.103290   -9.859412
0.707212   0.104595   -9.804877
0.708784   0.105913   -9.750493
0.710355   0.107244   -9.696258
0.711927   0.108588   -9.642172
0.713498   0.109945   -9.588235
0.715070   0.111315   -9.534445
0.716641   0.112699   -9.480803
0.718213   0.114096   -9.427308
0.719785   0.115506   -9.373960
0.721356   0.116930   -9.320757
0.722928   0.118367   -9.267701
0.724499   0.119818   -9.214789
0.726071   0.121282   -9.162022
0.727643   0.122761   -9.109399
0.729214   0.124253   -9.056920
0.730786   0.125760   -9.004585
0.732357   0.127280   -8.952392
0.733929   0.128815   -8.900342
0.735500   0.130364   -8.848433
0.737072   0.131927   -8.796667
0.738644   0.133504   -8.745041
0.740215   0.135097   -8.693557
0.741787   0.136703   -8.642212
0.743358   0.138325   -8.591008
0.744930   0.139961   -8.539942
0.746502   0.141611   -8.489016
0.748073   0.143277   -8.438229
0.749645   0.144958   -8.387580
0.751216   0.146654   -8.337069
0.752788   0.148365   -8.286695
0.754359   0.150091   -8.236458
0.755931   0.151832   -8.186358
0.757503   0.153589   -8.136394
0.759074   0.155362   -8.086566
0.760646   0.157149   -8.036873
0.762217   0.158953   -7.987316
0.763789   0.160772   -7.937893
0.765360   0.162607   -7.888604
0.766932   0.164458   -7.839450
0.768504   0.166325   -7.790429
0.770075   0.168208   -7.741541
0.771647   0.170107   -7.692786
0.773218   0.172022   -7.644164
0.774790   0.173953   -7.595674
0.776362   0.175901   -7.547315
0.777933   0.177865   -7.499088
0.779505   0.179846   -7.450992
0.781076   0.181843   -7.403027
0.782648   0.183857   -7.355192
0.784219   0.185888   -7.307487
0.785791   0.187935   -7.259912
0.787363   0.190000   -7.212466
0.788934   0.192081   -7.165149
0.790506   0.194180   -7.117961
0.792077   0.196295   -7.070901
0.793649   0.198428   -7.023969
0.795221   0.200578   -6.977165
0.796792   0.202746   -6.930488
0.798364   0.204930   -6.883938
0.799935   0.207133   -6.837515
0.801507   0.209353   -6.791218
0.803078   0.211590   -6.745047
0.804650   0.213845   -6.699002
0.806222   0.216118   -6.653082
0.807793   0.218409   -6.607288
0.809365   0.220718   -6.561618
0.810936   0.223045   -6.516073
0.812508   0.225390   -6.470652
0.814080   0.227753   -6.425355
0.815651   0.230135   -6.380182
0.817223   0.232534   -6.335132
0.818794   0.234952   -6.290205
0.820366   0.237389   -6.245400
0.821937   0.239844   -6.200718
0.823509   0.242317   -6.156159
0.825081   0.244809   -6.111721
0.826652   0.247320   -6.067405
0.828224   0.249850   -6.023210
0.829795   0.252398   -5.979136
0.831367   0.254966   -5.935183
0.832939   0.257552   -5.891350
0.834510   0.260157   -5.847637
0.836082   0.262782   -5.804045
0.837653   0.265426   -5.760572
0.839225   0.268088   -5.717218
0.840796   0.270771   -5.673984
0.842368   0.273472   -5.630869
0.843940   0.276193   -5.587872
0.845511   0.278934   -5.544993
0.847083   0.281693   -5.502233
0.848654   0.284473   -5.459590
0.850226   0.287272   -5.417065
0.851798   0.290091   -5.374657
0.853369   0.292930   -5.332367
0.854941   0.295788   -5.290193
0.856512   0.298666   -5.248135
0.858084   0.301565   -5.206195
0.859655   0.304483   -5.164370
0.861227   0.307421   -5.122661
0.862799   0.310380   -5.081067
0.864370   0.313358   -5.039589
0.865942   0.316357   -4.998226
0.867513   0.319376   -4.956978
0.869085   0.322415   -4.915845
0.870656   0.325475   -4.874826
0.872228   0.328555   -4.833922
0.873800   0.331655   -4.793131
0.875371   0.334776   -4.752454
0.876943   0.337918   -4.711891
0.878514   0.341080   -4.671440
0.880086   0.344262   -4.631103
0.881658   0.347466   -4.590879
0.883229   0.350690   -4.550768
0.884801   0.353935   -4.510769
0.886372   0.357200   -4.470882
0.887944   0.360487   -4.431107
0.889515   0.363794   -4.391444
0.891087   0.367122   -4.351892
0.892659   0.370471   -4.312452
0.894230   0.373842   -4.273123
0.895802   0.377233   -4.233905
0.897373   0.380645   -4.194798
0.898945   0.384078   -4.155801
0.900517   0.387533   -4.116914
0.902088   0.391008   -4.078138
0.903660   0.394505   -4.039472
0.905231   0.398023   -4.000915
0.906803   0.401563   -3.962468
0.908374   0.405123   -3.924130
0.909946   0.408705   -3.885902
0.911518   0.412308   -3.847782
0.913089   0.415932   -3.809771
0.914661   0.419578   -3.771869
0.916232   0.423246   -3.734075
0.917804   0.426934   -3.696390
0.919376   0.430644   -3.658812
0.920947   0.434376   -3.621342
0.922519   0.438129   -3.583980
0.924090   0.441903   -3.546726
0.925662   0.445700   -3.509578
0.927233   0.449517   -3.472538
0.928805   0.453356   -3.435605
0.930377   0.457217   -3.398778
0.931948   0.461099   -3.362058
0.933520   0.465003   -3.325445
0.935091   0.468928   -3.288938
0.936663   0.472875   -3.252536
0.938235   0.476844   -3.216241
0.939806   0.480834   -3.180051
0.941378   0.484845   -3.143967
0.942949   0.488879   -3.107989
0.944521   0.492934   -3.072115
0.946092   0.497010   -3.036347
0.947664   0.501108   -3.000684
0.949236   0.505228   -2.965125
0.950807   0.509369   -2.929671
0.952379   0.513532   -2.894321
0.953950   0.517717   -2.859076
0.955522   0.521923   -2.823934
0.957094   0.526151   -2.788897
0.958665   0.530400   -2.753963
0.960237   0.534671   -2.719134
0.961808   0.538963   -2.684407
0.963380   0.543277   -2.649784
0.964951   0.547613   -2.615264
0.966523   0.551970   -2.580847
0.968095   0.556348   -2.546533
0.969666   0.560748   -2.512322
0.971238   0.565169   -2.478213
0.972809   0.569612   -2.444207
0.974381   0.574076   -2.410303
0.975952   0.578562   -2.376501
0.977524   0.583069   -2.342801
0.979096   0.587597   -2.309203
0.980667   0.592147   -2.275707
0.982239   0.596717   -2.242312
0.983810   0.601310   -2.209019
0.985382   0.605923   -2.175827
0.986954   0.610557   -2.142737
0.988525   0.615213   -2.109747
0.990097   0.619889   -2.076858
0.991668   0.624587   -2.044070
0.993240   0.629306   -2.011383
0.994811   0.634045   -1.978796
0.996383   0.638806   -1.946310
0.997955   0.643588   -1.913923
0.999526   0.648390   -1.881637
1.001098   0.653213   -1.849451
1.002669   0.658057   -1.817365
1.004241   0.662922   -1.785378
1.005813   0.667807   -1.753491
1.007384   0.672713   -1.721704
1.008956   0.677639   -1.690016
1.010527   0.682586   -1.658427
1.012099   0.687553   -1.626937
1.013670   0.692541   -1.595547
1.015242   0.697549   -1.564255
1.016814   0.702577   -1.533062
1.018385   0.707625   -1.501967
1.019957   0.712694   -1.470971
1.021528   0.717782   -1.440074
1.023100   0.722891   -1.409274
1.024672   0.728019   -1.378573
1.026243   0.733167   -1.347970
1.027815   0.738335   -1.317465
1.029386   0.743523   -1.287058
1.030958   0.748730   -1.256748
1.032529   0.753957   -1.226536
1.034101   0.759203   -1.196422
1.035673   0.764468   -1.166405
1.037244   0.769753   -1.136485
1.038816   0.775057   -1.106662
1.040387   0.780380   -1.076937
1.041959   0.785723   -1.047308
1.043531   0.791084   -1.017776
1.045102   0.796464   -0.988341
1.046674   0.801862   -0.959003
1.048245   0.807279   -0.929761
1.049817   0.812715   -0.900615
1.051388   0.818170   -0.871566
1.052960   0.823642   -0.842613
1.054532   0.829133   -0.813756
1.056103   0.834642   -0.784996
1.057675   0.840169   -0.756331
1.059246   0.845715   -0.727762
1.060818   0.851277   -0.699289
1.062390   0.856858   -0.670911
1.063961   0.862456   -0.642629
1.065533   0.868072   -0.614442
1.067104   0.873705   -0.586351
1.068676   0.879356   -0.558355
1.070247   0.885023   -0.530454
1.071819   0.890708   -0.502648
1.073391   0.896409   -0.474937
1.074962   0.902127   -0.447321
1.076534   0.907862   -0.419800
1.078105   0.913614   -0.392373
1.079677   0.919382   -0.365041
1.081248   0.925166   -0.337804
1.082820   0.930966   -0.310661
1.084392   0.936783   -0.283612
1.085963   0.942615   -0.256658
1.087535   0.948463   -0.229797
1.089106   0.954326   -0.203031
1.090678   0.960205   -0.176359
1.092250   0.966100   -0.149781
1.093821   0.972009   -0.123296
1.095393   0.977934   -0.096906
1.096964   0.983873   -0.070609
1.098536   0.989827   -0.044405
1.100107   0.995796   -0.018295
1.101679   1.001779   0.007721
1.103251   1.007777   0.033644
1.104822   1.013789   0.059474
1.106394   1.019814   0.085211
1.107965   1.025854   0.110855
1.109537   1.031907   0.136406
1.111109   1.037974   0.161863
1.112680   1.044054   0.187228
1.114252   1.050147   0.212500
1.115823   1.056253   0.237680
1.117395   1.062372   0.262767
1.118966   1.068504   0.287761
1.120538   1.074648   0.312663
1.122110   1.080805   0.337472
1.123681   1.086973   0.362189
1.125253   1.093154   0.386814
1.126824   1.099347   0.411346
1.128396   1.105551   0.435787
1.129968   1.111766   0.460135
1.131539   1.117993   0.484391
1.133111   1.124231   0.508556
1.134682   1.130480   0.532629
1.136254   1.136740   0.556610
1.137825   1.143010   0.580499
1.139397   1.149290   0.604296
1.140969   1.155581   0.628002
1.142540   1.161881   0.651617
1.144112   1.168191   0.675140
1.145683   1.174511   0.698572
1.147255   1.180840   0.721912
1.148827   1.187179   0.745161
1.150398   1.193526   0.768319
1.151970   1.199882   0.791386
1.153541   1.206247   0.814362
1.155113   1.212620   0.837247
1.156684   1.219001   0.860041
1.158256   1.225390   0.882745
1.159828   1.231787   0.905357
1.161399   1.238192   0.927879
1.162971   1.244603   0.950310
1.164542   1.251022   0.972650
1.166114   1.257448   0.994900
1.167686   1.263880   1.017060
1.169257   1.270319   1.039129
1.170829   1.276764   1.061107
1.172400   1.283215   1.082995
1.173972   1.289672   1.104794
1.175543   1.296135   1.126501
1.177115   1.302603   1.148119
1.178687   1.309075   1.169647
1.180258   1.315553   1.191085
1.181830   1.322036   1.212432
1.183401   1.328523   1.233690
1.184973   1.335014   1.254858
1.186544   1.341509   1.275936
1.188116   1.348008   1.296925
1.189688   1.354510   1.317823
1.191259   1.361016   1.338632
1.192831   1.367525   1.359352
1.194402   1.374036   1.379982
1.195974   1.380550   1.400523
1.197546   1.387067   1.420974
1.199117   1.393585   1.441335
1.200689   1.400106   1.461608
1.202260   1.406627   1.481791
1.203832   1.413151   1.501885
1.205403   1.419675   1.521889
1.206975   1.426200   1.541805
1.208547   1.432726   1.561632
1.210118   1.439252   1.581369
1.211690   1.445779   1.601018
1.213261   1.452305   1.620577
1.214833   1.458830   1.640048
1.216405   1.465355   1.659430
1.217976   1.471880   1.678723
1.219548   1.478403   1.697927
1.221119   1.484924   1.717043
1.222691   1.491444   1.736070
1.224262   1.497962   1.755009
1.225834   1.504478   1.773858
1.227406   1.510991   1.792620
1.228977   1.517502   1.811293
1.230549   1.524010   1.829877
1.232120   1.530514   1.848373
1.233692   1.537015   1.866781
1.235264   1.543512   1.885101
1.236835   1.550005   1.903332
1.238407   1.556494   1.921475
1.239978   1.562978   1.939530
1.241550   1.569458   1.957496
1.243121   1.575932   1.975375
1.244693   1.582401   1.993166
1.246265   1.588864   2.010868
1.247836   1.595322   2.028483
1.249408   1.601773   2.046010
1.250979   1.608218   2.063449
1.252551   1.614656   2.080800
1.254123   1.621087   2.098063
1.255694   1.627511   2.115238
1.257266   1.633927   2.132326
1.258837   1.640335   2.149326
1.260409   1.646736   2.166239
1.261980   1.653128   2.183064
1.263552   1.659511   2.199801
1.265124   1.665885   2.216451
1.266695   1.672250   2.233013
1.268267   1.678606   2.249488
1.269838   1.684952   2.265875
1.271410   1.691288   2.282175
1.272982   1.697613   2.298387
1.274553   1.703928   2.314513
1.276125   1.710232   2.330551
1.277696   1.716525   2.346501
1.279268   1.722807   2.362365
1.280839   1.729076   2.378141
1.282411   1.735334   2.393831
1.283983   1.741579   2.409433
1.285554   1.747812   2.424948
1.287126   1.754032   2.440376
1.288697   1.760239   2.455717
1.290269   1.766433   2.470971
1.291841   1.772612   2.486138
1.293412   1.778778   2.501218
1.294984   1.784930   2.516211
1.296555   1.791067   2.531118
1.298127   1.797189   2.545937
1.299698   1.803296   2.560670
1.301270   1.809388   2.575316
1.302842   1.815464   2.589876
1.304413   1.821524   2.604348
1.305985   1.827568   2.618734
1.307556   1.833595   2.633034
1.309128   1.839605   2.647246
1.310699   1.845599   2.661372
1.312271   1.851575   2.675412
1.313843   1.857533   2.689365
1.315414   1.863473   2.703232
1.316986   1.869395   2.717012
1.318557   1.875299   2.730706
1.320129   1.881184   2.744313
1.321701   1.887050   2.757834
1.323272   1.892896   2.771268
1.324844   1.898723   2.784617
1.326415   1.904530   2.797878
1.327987   1.910317   2.811054
1.329558   1.916083   2.824144
1.331130   1.921829   2.837147
1.332702   1.927553   2.850064
1.334273   1.933256   2.862895
1.335845   1.938938   2.875639
1.337416   1.944598   2.888298
1.338988   1.950235   2.900870
1.340560   1.955851   2.913357
1.342131   1.961443   2.925757
1.343703   1.967013   2.938071
1.345274   1.972559   2.950300
1.346846   1.978082   2.962442
1.348417   1.983581   2.974498
1.349989   1.989055   2.986469
1.351561   1.994506   2.998353
1.353132   1.999932   3.010152
1.354704   2.005333   3.021865
1.356275   2.010709   3.033492
1.357847   2.016059   3.045033
1.359419   2.021384   3.056489
1.360990   2.026683   3.067858
1.362562   2.031956   3.079142
1.364133   2.037202   3.090340
1.365705   2.042421   3.101453
1.367276   2.047613   3.112479
1.368848   2.052778   3.123421
1.370420   2.057916   3.134276
1.371991   2.063025   3.145046
1.373563   2.068107   3.155730
1.375134   2.073160   3.166329
1.376706   2.078185   3.176842
1.378278   2.083181   3.187269
1.379849   2.088147   3.197611
1.381421   2.093085   3.207868
1.382992   2.097992   3.218039
1.384564   2.102870   3.228125
1.386135   2.107718   3.238125
1.387707   2.112535   3.248039
1.389279   2.117322   3.257869
1.390850   2.122078   3.267613
1.392422   2.126802   3.277271
1.393993   2.131496   3.286844
1.395565   2.136157   3.296332
1.397137   2.140787   3.305735
1.398708   2.145385   3.315052
1.400280   2.149950   3.324284
1.401851   2.154483   3.333430
1.403423   2.158983   3.342492
1.404994   2.163450   3.351468
1.406566   2.167883   3.360359
1.408138   2.172283   3.369164
1.409709   2.176649   3.377885
1.411281   2.180982   3.386520
1.412852   2.185280   3.395070
1.414424   2.189543   3.403535
1.415995   2.193772   3.411915
1.417567   2.197966   3.420210
1.419139   2.202125   3.428420
1.420710   2.206249   3.436545
1.422282   2.210337   3.444584
1.423853   2.214389   3.452539
1.425425   2.218405   3.460408
1.426997   2.222385   3.468192
1.428568   2.226328   3.475892
1.430140   2.230235   3.483506
1.431711   2.234105   3.491036
1.433283   2.237938   3.498480
1.434854   2.241733   3.505839
1.436426   2.245491   3.513114
1.437998   2.249212   3.520304
1.439569   2.252894   3.527408
1.441141   2.256539   3.534428
1.442712   2.260145   3.541363
1.444284   2.263713   3.548213
1.445856   2.267242   3.554978
1.447427   2.270732   3.561658
1.448999   2.274183   3.568254
1.450570   2.277594   3.574764
1.452142   2.280967   3.581190
1.453713   2.284300   3.587531
1.455285   2.287593   3.593787
1.456857   2.290846   3.599958
1.458428   2.294058   3.606045
1.460000   2.297231   3.612046
1.461571   2.300363   3.617963
1.463143   2.303454   3.623795
1.464715   2.306504   3.629543
1.466286   2.309514   3.635206
1.467858   2.312482   3.640784
1.469429   2.315409   3.646277
1.471001   2.318294   3.651685
1.472572   2.321138   3.657009
1.474144   2.323940   3.662248
1.475716   2.326700   3.667403
1.477287   2.329417   3.672473
1.478859   2.332093   3.677458
1.480430   2.334726   3.682359
1.482002   2.337316   3.687174
1.483574   2.339864   3.691906
1.485145   2.342369   3.696552
1.486717   2.344830   3.701114
1.488288   2.347249   3.705592
1.489860   2.349624   3.709984
1.491431   2.351956   3.714293
1.493003   2.354245   3.718516
1.494575   2.356489   3.722655
1.496146   2.358690   3.726710
1.497718   2.360847   3.730679
1.499289   2.362960   3.734565
1.500861   2.365029   3.738365
1.502433   2.367054   3.742081
1.504004   2.369034   3.745713
1.505576   2.370970   3.749260
1.507147   2.372861   3.752723
1.508719   2.374707   3.756101
1.510290   2.376509   3.759394
1.511862   2.378265   3.762603
1.513434   2.379977   3.765728
1.515005   2.381644   3.768768
1.516577   2.383265   3.771723
1.518148   2.384841   3.774594
1.519720   2.386372   3.777381
1.521291   2.387857   3.780083
1.522863   2.389296   3.782700
1.524435   2.390690   3.785233
1.526006   2.392038   3.787682
1.527578   2.393341   3.790046
1.529149   2.394598   3.792325
1.530721   2.395808   3.794521
1.532293   2.396973   3.796631
1.533864   2.398091   3.798657
1.535436   2.399164   3.800599
1.537007   2.400190   3.802457
1.538579   2.401170   3.804229
1.540150   2.402104   3.805918
1.541722   2.402991   3.807522
1.543294   2.403832   3.809042
1.544865   2.404627   3.810477
1.546437   2.405375   3.811827
1.548008   2.406076   3.813094
1.549580   2.406731   3.814275
1.551152   2.407339   3.815373
1.552723   2.407901   3.816386
1.554295   2.408416   3.817314
1.555866   2.408884   3.818159
1.557438   2.409305   3.818918
1.559009   2.409680   3.819594
1.560581   2.410008   3.820185
1.562153   2.410289   3.820691
1.563724   2.410523   3.821113
1.565296   2.410711   3.821451
1.566867   2.410851   3.821704
1.568439   2.410945   3.821873
1.570011   2.410992   3.821957
1.571582   2.410992   3.821957
1.573154   2.410945   3.821873
1.574725   2.410851   3.821704
1.576297   2.410711   3.821451
1.577868   2.410523   3.821113
1.579440   2.410289   3.820691
1.581012   2.410008   3.820185
1.582583   2.409680   3.819594
1.584155   2.409305   3.818918
1.585726   2.408884   3.818159
1.587298   2.408416   3.817314
1.588870   2.407901   3.816386
1.590441   2.407339   3.815373
1.592013   2.406731   3.814275
1.593584   2.406076   3.813094
1.595156   2.405375   3.811827
1.596727   2.404627   3.810477
1.598299   2.403832   3.809042
1.599871   2.402991   3.807522
1.601442   2.402104   3.805918
1.603014   2.401170   3.804229
1.604585   2.400190   3.802457
1.606157   2.399164   3.800599
1.607729   2.398091   3.798657
1.609300   2.396973   3.796631
1.610872   2.395808   3.794521
1.612443   2.394598   3.792325
1.614015   2.393341   3.790046
1.615586   2.392038   3.787682
1.617158   2.390690   3.785233
1.618730   2.389296   3.782700
1.620301   2.387857   3.780083
1.621873   2.386372   3.777381
1.623444   2.384841   3.774594
1.625016   2.383265   3.771723
1.626587   2.381644   3.768768
1.628159   2.379977   3.765728
1.629731   2.378265   3.762603
1.631302   2.376509   3.759394
1.632874   2.374707   3.756101
1.634445   2.372861   3.752723
1.636017   2.370970   3.749260
1.637589   2.369034   3.745713
1.639160   2.367054   3.742081
1.640732   2.365029   3.738365
1.642303   2.362960   3.734565
1.643875   2.360847   3.730679
1.645446   2.358690   3.726710
1.647018   2.356489   3.722655
1.648590   2.354245   3.718516
1.650161   2.351956   3.714293
1.651733   2.349624   3.709984
1.653304   2.347249   3.705592
1.654876   2.344830   3.701114
1.656448   2.342369   3.696552
1.658019   2.339864   3.691906
1.659591   2.337316   3.687174
1.661162   2.334726   3.682359
1.662734   2.332093   3.677458
1.664305   2.329417   3.672473
1.665877   2.326700   3.667403
1.667449   2.323940   3.662248
1.669020   2.321138   3.657009
1.670592   2.318294   3.651685
1.672163   2.315409   3.646277
1.673735   2.312482   3.640784
1.675307   2.309514   3.635206
1.676878   2.306504   3.629543
1.678450   2.303454   3.623795
1.680021   2.300363   3.617963
1.681593   2.297231   3.612046
1.683164   2.294058   3.606045
1.684736   2.290846   3.599958
1.686308   2.287593   3.593787
1.687879   2.284300   3.587531
1.689451   2.280967   3.581190
1.691022   2.277594   3.574764
1.692594   2.274183   3.568254
1.694166   2.270732   3.561658
1.695737   2.267242   3.554978
1.697309   2.263713   3.548213
1.698880   2.260145   3.541363
1.700452   2.256539   3.534428
1.702023   2.252894   3.527408
1.703595   2.249212   3.520304
1.705167   2.245491   3.513114
1.706738   2.241733   3.505839
1.708310   2.237938   3.498480
1.709881   2.234105   3.491036
1.711453   2.230235   3.483506
1.713025   2.226328   3.475892
1.714596   2.222385   3.468192
1.716168   2.218405   3.460408
1.717739   2.214389   3.452539
1.719311   2.210337   3.444584
1.720882   2.206249   3.436545
1.722454   2.202125   3.428420
1.724026   2.197966   3.420210
1.725597   2.193772   3.411915
1.727169   2.189543   3.403535
1.728740   2.185280   3.395070
1.730312   2.180982   3.386520
1.731883   2.176649   3.377885
1.733455   2.172283   3.369164
1.735027   2.167883   3.360359
1.736598   2.163450   3.351468
1.738170   2.158983   3.342492
1.739741   2.154483   3.333430
1.741313   2.149950   3.324284
1.742885   2.145385   3.315052
1.744456   2.140787   3.305735
1.746028   2.136157   3.296332
1.747599   2.131496   3.286844
1.749171   2.126802   3.277271
1.750742   2.122078   3.267613
1.752314   2.117322   3.257869
1.753886   2.112535   3.248039
1.755457   2.107718   3.238125
1.757029   2.102870   3.228125
1.758600   2.097992   3.218039
1.760172   2.093085   3.207868
1.761744   2.088147   3.197611
1.763315   2.083181   3.187269
1.764887   2.078185   3.176842
1.766458   2.073160   3.166329
1.768030   2.068107   3.155730
1.769601   2.063025   3.145046
1.771173   2.057916   3.134276
1.772745   2.052778   3.123421
1.774316   2.047613   3.112479
1.775888   2.042421   3.101453
1.777459   2.037202   3.090340
1.779031   2.031956   3.079142
1.780603   2.026683   3.067858
1.782174   2.021384   3.056489
1.783746   2.016059   3.045033
1.785317   2.010709   3.033492
1.786889   2.005333   3.021865
1.788460   1.999932   3.010152
1.790032   1.994506   2.998353
1.791604   1.989055   2.986469
1.793175   1.983581   2.974498
1.794747   1.978082   2.962442
1.796318   1.972559   2.950300
1.797890   1.967013   2.938071
1.799462   1.961443   2.925757
1.801033   1.955851   2.913357
1.802605   1.950235   2.900870
1.804176   1.944598   2.888298
1.805748   1.938938   2.875639
1.807319   1.933256   2.862895
1.808891   1.927553   2.850064
1.810463   1.921829   2.837147
1.812034   1.916083   2.824144
1.813606   1.910317   2.811054
1.815177   1.904530   2.797878
1.816749   1.898723   2.784617
1.818321   1.892896   2.771268
1.819892   1.887050   2.757834
1.821464   1.881184   2.744313
1.823035   1.875299   2.730706
1.824607   1.869395   2.717012
1.826178   1.863473   2.703232
1.827750   1.857533   2.689365
1.829322   1.851575   2.675412
1.830893   1.845599   2.661372
1.832465   1.839605   2.647246
1.834036   1.833595   2.633034
1.835608   1.827568   2.618734
1.837179   1.821524   2.604348
1.838751   1.815464   2.589876
1.840323   1.809388   2.575316
1.841894   1.803296   2.560670
1.843466   1.797189   2.545937
1.845037   1.791067   2.531118
1.846609   1.784930   2.516211
1.848181   1.778778   2.501218
1.849752   1.772612   2.486138
1.851324   1.766433   2.470971
1.852895   1.760239   2.455717
1.854467   1.754032   2.440376
1.856038   1.747812   2.424948
1.857610   1.741579   2.409433
1.859182   1.735334   2.393831
1.860753   1.729076   2.378141
1.862325   1.722807   2.362365
1.863896   1.716525   2.346501
1.865468   1.710232   2.330551
1.867040   1.703928   2.314513
1.868611   1.697613   2.298387
1.870183   1.691288   2.282175
1.871754   1.684952   2.265875
1.873326   1.678606   2.249488
1.874897   1.672250   2.233013
1.876469   1.665885   2.216451
1.878041   1.659511   2.199801
1.879612   1.653128   2.183064
1.881184   1.646736   2.166239
1.882755   1.640335   2.149326
1.884327   1.633927   2.132326
1.885899   1.627511   2.115238
1.887470   1.621087   2.098063
1.889042   1.614656   2.080800
1.890613   1.608218   2.063449
1.892185   1.601773   2.046010
1.893756   1.595322   2.028483
1.895328   1.588864   2.010868
1.896900   1.582401   1.993166
1.898471   1.575932   1.975375
1.900043   1.569458   1.957496
1.901614   1.562978   1.939530
1.903186   1.556494   1.921475
1.904758   1.550005   1.903332
1.906329   1.543512   1.885101
1.907901   1.537015   1.866781
1.909472   1.530514   1.848373
1.911044   1.524010   1.829877
1.912615   1.517502   1.811293
1.914187   1.510991   1.792620
1.915759   1.504478   1.773858
1.917330   1.497962   1.755009
1.918902   1.491444   1.736070
1.920473   1.484924   1.717043
1.922045   1.478403   1.697927
1.923617   1.471880   1.678723
1.925188   1.465355   1.659430
1.926760   1.458830   1.640048
1.928331   1.452305   1.620577
1.929903   1.445779   1.601018
1.931474   1.439252   1.581369
1.933046   1.432726   1.561632
1.934618   1.426200   1.541805
1.936189   1.419675   1.521889
1.937761   1.413151   1.501885
1.939332   1.406627   1.481791
1.940904   1.400106   1.461608
1.942475   1.393585   1.441335
1.944047   1.387067   1.420974
1.945619   1.380550   1.400523
1.947190   1.374036   1.379982
1.948762   1.367525   1.359352
1.950333   1.361016   1.338632
1.951905   1.354510   1.317823
1.953477   1.348008   1.296925
1.955048   1.341509   1.275936
1.956620   1.335014   1.254858
1.958191   1.328523   1.233690
1.959763   1.322036   1.212432
1.961334   1.315553   1.191085
1.962906   1.309075   1.169647
1.964478   1.302603   1.148119
1.966049   1.296135   1.126501
1.967621   1.289672   1.104794
1.969192   1.283215   1.082995
1.970764   1.276764   1.061107
1.972336   1.270319   1.039129
1.973907   1.263880   1.017060
1.975479   1.257448   0.994900
1.977050   1.251022   0.972650
1.978622   1.244603   0.950310
1.980193   1.238192   0.927879
1.981765   1.231787   0.905357
1.983337   1.225390   0.882745
1.984908   1.219001   0.860041
1.986480   1.212620   0.837247
1.988051   1.206247   0.814362
1.989623   1.199882   0.791386
1.991195   1.193526   0.768319
1.992766   1.187179   0.745161
1.994338   1.180840   0.721912
1.995909   1.174511   0.698572
1.997481   1.168191   0.675140
1.999052   1.161881   0.651617
2.000624   1.155581   0.628002
2.002196   1.149290   0.604296
2.003767   1.143010   0.580499
2.005339   1.136740   0.556610
2.006910   1.130480   0.532629
2.008482   1.124231   0.508556
2.010054   1.117993   0.484391
2.011625   1.111766   0.460135
2.013197   1.105551   0.435787
2.014768   1.099347   0.411346
2.016340   1.093154   0.386814
2.017911   1.086973   0.362189
2.019483   1.080805   0.337472
2.021055   1.074648   0.312663
2.022626   1.068504   0.287761
2.024198   1.062372   0.262767
2.025769   1.056253   0.237680
2.027341   1.050147   0.212500
2.028913   1.044054   0.187228
2.030484   1.037974   0.161863
2.032056   1.031907   0.136406
2.033627   1.025854   0.110855
2.035199   1.019814   0.085211
2.036770   1.013789   0.059474
2.038342   1.007777   0.033644
2.039914   1.001779   0.007721
2.041485   0.995796   -0.018295
2.043057   0.989827   -0.044405
2.044628   0.983873   -0.070609
2.046200   0.977934   -0.096906
2.047771   0.972009   -0.123296
2.049343   0.966100   -0.149781
2.050915   0.960205   -0.176359
2.052486   0.954326   -0.203031
2.054058   0.948463   -0.229797
2.055629   0.942615   -0.256658
2.057201   0.936783   -0.283612
2.058773   0.930966   -0.310661
2.060344   0.925166   -0.337804
2.061916   0.919382   -0.365041
2.063487   0.913614   -0.392373
2.065059   0.907862   -0.419800
2.066630   0.902127   -0.447321
2.068202   0.896409   -0.474937
2.069774   0.890708   -0.502648
2.071345   0.885023   -0.530454
2.072917   0.879356   -0.558355
2.074488   0.873705   -0.586351
2.076060   0.868072   -0.614442
2.077632   0.862456   -0.642629
2.079203   0.856858   -0.670911
2.080775   0.851277   -0.699289
2.082346   0.845715   -0.727762
2.083918   0.840169   -0.756331
2.085489   0.834642   -0.784996
2.087061   0.829133   -0.813756
2.088633   0.823642   -0.842613
2.090204   0.818170   -0.871566
2.091776   0.812715   -0.900615
2.093347   0.807279   -0.929761
2.094919   0.801862   -0.959003
2.096491   0.796464   -0.988341
2.098062   0.791084   -1.017776
2.099634   0.785723   -1.047308
2.101205   0.780380   -1.076937
2.102777   0.775057   -1.106662
2.104348   0.769753   -1.136485
2.105920   0.764468   -1.166405
2.107492   0.759203   -1.196422
2.109063   0.753957   -1.226536
2.110635   0.748730   -1.256748
2.112206   0.743523   -1.287058
2.113778   0.738335   -1.317465
2.115350   0.733167   -1.347970
2.116921   0.728019   -1.378573
2.118493   0.722891   -1.409274
2.120064   0.717782   -1.440074
2.121636   0.712694   -1.470971
2.123207   0.707625   -1.501967
2.124779   0.702577   -1.533062
2.126351   0.697549   -1.564255
2.127922   0.692541   -1.595547
2.129494   0.687553   -1.626937
2.131065   0.682586   -1.658427
2.132637   0.677639   -1.690016
2.134209   0.672713   -1.721704
2.135780   0.667807   -1.753491
2.137352   0.662922   -1.785378
2.138923   0.658057   -1.817365
2.140495   0.653213   -1.849451
2.142066   0.648390   -1.881637
2.143638   0.643588   -1.913923
2.145210   0.638806   -1.946310
2.146781   0.634045   -1.978796
2.148353   0.629306   -2.011383
2.149924   0.624587   -2.044070
2.151496   0.619889   -2.076858
2.153068   0.615213   -2.109747
2.154639   0.610557   -2.142737
2.156211   0.605923   -2.175827
2.157782   0.601310   -2.209019
2.159354   0.596717   -2.242312
2.160925   0.592147   -2.275707
2.162497   0.587597   -2.309203
2.164069   0.583069   -2.342801
2.165640   0.578562   -2.376501
2.167212   0.574076   -2.410303
2.168783   0.569612   -2.444207
2.170355   0.565169   -2.478213
2.171926   0.560748   -2.512322
2.173498   0.556348   -2.546533
2.175070   0.551970   -2.580847
2.176641   0.547613   -2.615264
2.178213   0.543277   -2.649784
2.179784   0.538963   -2.684407
2.181356   0.534671   -2.719134
2.182928   0.530400   -2.753963
2.184499   0.526151   -2.788897
2.186071   0.521923   -2.823934
2.187642   0.517717   -2.859076
2.189214   0.513532   -2.894321
2.190785   0.509369   -2.929671
2.192357   0.505228   -2.965125
2.193929   0.501108   -3.000684
2.195500   0.497010   -3.036347
2.197072   0.492934   -3.072115
2.198643   0.488879   -3.107989
2.200215   0.484845   -3.143967
2.201787   0.480834   -3.180051
2.203358   0.476844   -3.216241
2.204930   0.472875   -3.252536
2.206501   0.468928   -3.288938
2.208073   0.465003   -3.325445
2.209644   0.461099   -3.362058
2.211216   0.457217   -3.398778
2.212788   0.453356   -3.435605
2.214359   0.449517   -3.472538
2.215931   0.445700   -3.509578
2.217502   0.441903   -3.546726
2.219074   0.438129   -3.583980
2.220646   0.434376   -3.621342
2.222217   0.430644   -3.658812
2.223789   0.426934   -3.696390
2.225360   0.423246   -3.734075
2.226932   0.419578   -3.771869
2.228503   0.415932   -3.809771
2.230075   0.412308   -3.847782
2.231647   0.408705   -3.885902
2.233218   0.405123   -3.924130
2.234790   0.401563   -3.962468
2.236361   0.398023   -4.000915
2.237933   0.394505   -4.039472
2.239505   0.391008   -4.078138
2.241076   0.387533   -4.116914
2.242648   0.384078   -4.155801
2.244219   0.380645   -4.194798
2.245791   0.377233   -4.233905
2.247362   0.373842   -4.273123
2.248934   0.370471   -4.312452
2.250506   0.367122   -4.351892
2.252077   0.363794   -4.391444
2.253649   0.360487   -4.431107
2.255220   0.357200   -4.470882
2.256792   0.353935   -4.510769
2.258364   0.350690   -4.550768
2.259935   0.347466   -4.590879
2.261507   0.344262   -4.631103
2.263078   0.341080   -4.671440
2.264650   0.337918   -4.711891
2.266221   0.334776   -4.752454
2.267793   0.331655   -4.793131
2.269365   0.328555   -4.833922
2.270936   0.325475   -4.874826
2.272508   0.322415   -4.915845
2.274079   0.319376   -4.956978
2.275651   0.316357   -4.998226
2.277222   0.313358   -5.039589
2.278794   0.310380   -5.081067
2.280366   0.307421   -5.122661
2.281937   0.304483   -5.164370
2.283509   0.301565   -5.206195
2.285080   0.298666   -5.248135
2.286652   0.295788   -5.290193
2.288224   0.292930   -5.332367
2.289795   0.290091   -5.374657
2.291367   0.287272   -5.417065
2.292938   0.284473   -5.459590
2.294510   0.281693   -5.502233
2.296081   0.278934   -5.544993
2.297653   0.276193   -5.587872
2.299225   0.273472   -5.630869
2.300796   0.270771   -5.673984
2.302368   0.268088   -5.717218
2.303939   0.265426   -5.760572
2.305511   0.262782   -5.804045
2.307083   0.260157   -5.847637
2.308654   0.257552   -5.891350
2.310226   0.254966   -5.935183
2.311797   0.252398   -5.979136
2.313369   0.249850   -6.023210
2.314940   0.247320   -6.067405
2.316512   0.244809   -6.111721
2.318084   0.242317   -6.156159
2.319655   0.239844   -6.200718
2.321227   0.237389   -6.245400
2.322798   0.234952   -6.290205
2.324370   0.232534   -6.335132
2.325942   0.230135   -6.380182
2.327513   0.227753   -6.425355
2.329085   0.225390   -6.470652
2.330656   0.223045   -6.516073
2.332228   0.220718   -6.561618
2.333799   0.218409   -6.607288
2.335371   0.216118   -6.653082
2.336943   0.213845   -6.699002
2.338514   0.211590   -6.745047
2.340086   0.209353   -6.791218
2.341657   0.207133   -6.837515
2.343229   0.204930   -6.883938
2.344801   0.202746   -6.930488
2.346372   0.200578   -6.977165
2.347944   0.198428   -7.023969
2.349515   0.196295   -7.070901
2.351087   0.194180   -7.117961
2.352658   0.192081   -7.165149
2.354230   0.190000   -7.212466
2.355802   0.187935   -7.259912
2.357373   0.185888   -7.307487
2.358945   0.183857   -7.355192
2.360516   0.181843   -7.403027
2.362088   0.179846   -7.450992
2.363660   0.177865   -7.499088
2.365231   0.175901   -7.547315
2.366803   0.173953   -7.595674
2.368374   0.172022   -7.644164
2.369946   0.170107   -7.692786
2.371517   0.168208   -7.741541
2.373089   0.166325   -7.790429
2.374661   0.164458   -7.839450
2.376232   0.162607   -7.888604
2.377804   0.160772   -7.937893
2.379375   0.158953   -7.987316
2.380947   0.157149   -8.036873
2.382518   0.155362   -8.086566
2.384090   0.153589   -8.136394
2.385662   0.151832   -8.186358
2.387233   0.150091   -8.236458
2.388805   0.148365   -8.286695
2.390376   0.146654   -8.337069
2.391948   0.144958   -8.387580
2.393520   0.143277   -8.438229
2.395091   0.141611   -8.489016
2.396663   0.139961   -8.539942
2.398234   0.138325   -8.591008
2.399806   0.136703   -8.642212
2.401377   0.135097   -8.693557
2.402949   0.133504   -8.745041
2.404521   0.131927   -8.796667
2.406092   0.130364   -8.848433
2.407664   0.128815   -8.900342
2.409235   0.127280   -8.952392
2.410807   0.125760   -9.004585
2.412379   0.124253   -9.056920
2.413950   0.122761   -9.109399
2.415522   0.121282   -9.162022
2.417093   0.119818   -9.214789
2.418665   0.118367   -9.267701
2.420236   0.116930   -9.320757
2.421808   0.115506   -9.373960
2.423380   0.114096   -9.427308
2.424951   0.112699   -9.480803
2.426523   0.111315   -9.534445
2.428094   0.109945   -9.588235
2.429666   0.108588   -9.642172
2.431238   0.107244   -9.696258
2.432809   0.105913   -9.750493
2.434381   0.104595   -9.804877
2.435952   0.103290   -9.859412
2.437524   0.101998   -9.914096
2.439095   0.100718   -9.968932
2.440667   0.099451   -10.023918
2.442239   0.098196   -10.079057
2.443810   0.096954   -10.134349
2.445382   0.095724   -10.189793
2.446953   0.094506   -10.245390
2.448525   0.093301   -10.301142
2.450097   0.092108   -10.357048
2.451668   0.090926   -10.413110
2.453240   0.089757   -10.469326
2.454811   0.088599   -10.525699
2.456383   0.087453   -10.582229
2.457954   0.086319   -10.638916
2.459526   0.085197   -10.695761
2.461098   0.084086   -10.752764
2.462669   0.082986   -10.809926
2.464241   0.081898   -10.867247
2.465812   0.080822   -10.924729
2.467384   0.079756   -10.982371
2.468956   0.078701   -11.040174
2.470527   0.077658   -11.098140
2.472099   0.076625   -11.156267
2.473670   0.075604   -11.214558
2.475242   0.074593   -11.273012
2.476813   0.073593   -11.331630
2.478385   0.072604   -11.390413
2.479957   0.071625   -11.449362
2.481528   0.070657   -11.508477
2.483100   0.069699   -11.567758
2.484671   0.068751   -11.627206
2.486243   0.067814   -11.686823
2.487814   0.066887   -11.746608
2.489386   0.065970   -11.806562
2.490958   0.065063   -11.866687
2.492529   0.064166   -11.926981
2.494101   0.063278   -11.987447
2.495672   0.062401   -12.048085
2.497244   0.061533   -12.108895
2.498816   0.060675   -12.169879
2.500387   0.059827   -12.231036
2.501959   0.058988   -12.292368
2.503530   0.058158   -12.353876
2.505102   0.057338   -12.415559
2.506673   0.056527   -12.477419
2.508245   0.055726   -12.539456
2.509817   0.054933   -12.601672
2.511388   0.054149   -12.664066
2.512960   0.053375   -12.726640
2.514531   0.052609   -12.789394
2.516103   0.051852   -12.852330
2.517675   0.051104   -12.915447
2.519246   0.050365   -12.978747
2.520818   0.049634   -13.042230
2.522389   0.048911   -13.105897
2.523961   0.048198   -13.169749
2.525532   0.047492   -13.233786
2.527104   0.046795   -13.298010
2.528676   0.046106   -13.362422
2.530247   0.045425   -13.427021
2.531819   0.044753   -13.491809
2.533390   0.044088   -13.556787
2.534962   0.043431   -13.621956
2.536534   0.042783   -13.687315
2.538105   0.042142   -13.752867
2.539677   0.041509   -13.818612
2.541248   0.040883   -13.884551
2.542820   0.040265   -13.950684
2.544391   0.039655   -14.017013
2.545963   0.039052   -14.083538
2.547535   0.038457   -14.150261
2.549106   0.037869   -14.217182
2.550678   0.037288   -14.284302
2.552249   0.036715   -14.351622
2.553821   0.036148   -14.419143
2.555393   0.035589   -14.486866
2.556964   0.035037   -14.554792
2.558536   0.034491   -14.622921
2.560107   0.033953   -14.691255
2.561679   0.033421   -14.759795
2.563250   0.032896   -14.828541
2.564822   0.032378   -14.897494
2.566394   0.031866   -14.966657
2.567965   0.031362   -15.036028
2.569537   0.030863   -15.105611
2.571108   0.030371   -15.175404
2.572680   0.029885   -15.245411
2.574252   0.029406   -15.315631
2.575823   0.028933   -15.386065
2.577395   0.028466   -15.456715
2.578966   0.028005   -15.527582
2.580538   0.027551   -15.598666
2.582109   0.027102   -15.669969
2.583681   0.026659   -15.741493
2.585253   0.026223   -15.813237
2.586824   0.025792   -15.885203
2.588396   0.025367   -15.957392
2.589967   0.024947   -16.029806
2.591539   0.024533   -16.102445
2.593110   0.024125   -16.175311
2.594682   0.023722   -16.248404
2.596254   0.023325   -16.321726
2.597825   0.022934   -16.395279
2.599397   0.022547   -16.469062
2.600968   0.022166   -16.543078
2.602540   0.021791   -16.617328
2.604112   0.021420   -16.691812
2.605683   0.021055   -16.766533
2.607255   0.020694   -16.841491
2.608826   0.020339   -16.916687
2.610398   0.019989   -16.992124
2.611969   0.019644   -17.067801
2.613541   0.019303   -17.143721
2.615113   0.018968   -17.219884
2.616684   0.018637   -17.296293
2.618256   0.018311   -17.372948
2.619827   0.017989   -17.449850
2.621399   0.017673   -17.527002
2.622971   0.017360   -17.604404
2.624542   0.017053   -17.682058
2.626114   0.016750   -17.759965
2.627685   0.016451   -17.838126
2.629257   0.016156   -17.916544
2.630828   0.015866   -17.995218
2.632400   0.015581   -18.074152
2.633972   0.015299   -18.153346
2.635543   0.015022   -18.232802
2.637115   0.014749   -18.312521
2.638686   0.014479   -18.392505
2.640258   0.014214   -18.472755
2.641830   0.013953   -18.553273
2.643401   0.013696   -18.634060
2.644973   0.013443   -18.715118
2.646544   0.013193   -18.796449
2.648116   0.012948   -18.878054
2.649687   0.012706   -18.959934
2.651259   0.012468   -19.042092
2.652831   0.012233   -19.124529
2.654402   0.012003   -19.207246
2.655974   0.011775   -19.290246
2.657545   0.011552   -19.373529
2.659117   0.011332   -19.457099
2.660689   0.011115   -19.540956
2.662260   0.010902   -19.625102
2.663832   0.010692   -19.709539
2.665403   0.010485   -19.794269
2.666975   0.010282   -19.879293
2.668546   0.010082   -19.964613
2.670118   0.009885   -20.050232
2.671690   0.009691   -20.136151
2.673261   0.009501   -20.222372
2.674833   0.009313   -20.308896
2.676404   0.009129   -20.395727
2.677976   0.008948   -20.482865
2.679548   0.008769   -20.570312
2.681119   0.008594   -20.658071
2.682691   0.008421   -20.746144
2.684262   0.008252   -20.834533
2.685834   0.008085   -20.923239
2.687405   0.007921   -21.012264
2.688977   0.007760   -21.101612
2.690549   0.007601   -21.191283
2.692120   0.007445   -21.281281
2.693692   0.007292   -21.371607
2.695263   0.007141   -21.462263
2.696835   0.006993   -21.553252
2.698406   0.006848   -21.644575
2.699978   0.006705   -21.736236
2.701550   0.006564   -21.828236
2.703121   0.006426   -21.920577
2.704693   0.006290   -22.013263
2.706264   0.006157   -22.106294
2.707836   0.006026   -22.199675
2.709408   0.005897   -22.293407
2.710979   0.005771   -22.387492
2.712551   0.005647   -22.481933
2.714122   0.005525   -22.576732
2.715694   0.005405   -22.671893
2.717265   0.005288   -22.767417
2.718837   0.005172   -22.863307
2.720409   0.005059   -22.959566
2.721980   0.004947   -23.056196
2.723552   0.004838   -23.153201
2.725123   0.004731   -23.250582
2.726695   0.004626   -23.348342
2.728267   0.004522   -23.446485
2.729838   0.004421   -23.545012
2.731410   0.004321   -23.643927
2.732981   0.004224   -23.743233
2.734553   0.004128   -23.842933
2.736124   0.004034   -23.943029
2.737696   0.003941   -24.043524
2.739268   0.003851   -24.144422
2.740839   0.003762   -24.245726
2.742411   0.003675   -24.347437
2.743982   0.003590   -24.449561
2.745554   0.003506   -24.552099
2.747126   0.003424   -24.655055
2.748697   0.003343   -24.758433
2.750269   0.003264   -24.862234
2.751840   0.003187   -24.966464
2.753412   0.003111   -25.071125
2.754983   0.003037   -25.176220
2.756555   0.002964   -25.281752
2.758127   0.002892   -25.387727
2.759698   0.002822   -25.494146
2.761270   0.002754   -25.601013
2.762841   0.002686   -25.708333
2.764413   0.002621   -25.816108
2.765985   0.002556   -25.924342
2.767556   0.002493   -26.033040
2.769128   0.002431   -26.142205
2.770699   0.002370   -26.251840
2.772271   0.002311   -26.361949
2.773842   0.002253   -26.472538
2.775414   0.002196   -26.583608
2.776986   0.002140   -26.695166
2.778557   0.002086   -26.807214
2.780129   0.002032   -26.919757
2.781700   0.001980   -27.032798
2.783272   0.001929   -27.146343
2.784844   0.001879   -27.260396
2.786415   0.001830   -27.374961
2.787987   0.001782   -27.490042
2.789558   0.001736   -27.605643
2.791130   0.001690   -27.721771
2.792701   0.001645   -27.838428
2.794273   0.001601   -27.955620
2.795845   0.001558   -28.073351
2.797416   0.001516   -28.191627
2.798988   0.001476   -28.310452
2.800559   0.001436   -28.429831
2.802131   0.001396   -28.549769
2.803702   0.001358   -28.670272
2.805274   0.001321   -28.791343
2.806846   0.001284   -28.912990
2.808417   0.001249   -29.035216
2.809989   0.001214   -29.158027
2.811560   0.001180   -29.281430
2.813132   0.001147   -29.405428
2.814704   0.001114   -29.530028
2.816275   0.001083   -29.655236
2.817847   0.001052   -29.781058
2.819418   0.001022   -29.907498
2.820990   0.000992   -30.034564
2.822561   0.000963   -30.162261
2.824133   0.000935   -30.290596
2.825705   0.000908   -30.419574
2.827276   0.000881   -30.549202
2.828848   0.000855   -30.679486
2.830419   0.000830   -30.810433
2.831991   0.000805   -30.942050
2.833563   0.000781   -31.074343
2.835134   0.000757   -31.207319
2.836706   0.000734   -31.340985
2.838277   0.000712   -31.475348
2.839849   0.000690   -31.610415
2.841420   0.000669   -31.746193
2.842992   0.000648   -31.882691
2.844564   0.000628   -32.019914
2.846135   0.000608   -32.157871
2.847707   0.000589   -32.296571
2.849278   0.000571   -32.436019
2.850850   0.000553   -32.576225
2.852422   0.000535   -32.717197
2.853993   0.000518   -32.858942
2.855565   0.000501   -33.001470
2.857136   0.000485   -33.144788
2.858708   0.000469   -33.288906
2.860279   0.000454   -33.433832
2.861851   0.000439   -33.579576
2.863423   0.000424   -33.726145
2.864994   0.000410   -33.873551
2.866566   0.000396   -34.021801
2.868137   0.000383   -34.170906
2.869709   0.000370   -34.320876
2.871281   0.000357   -34.471720
2.872852   0.000345   -34.623448
2.874424   0.000333   -34.776071
2.875995   0.000321   -34.929599
2.877567   0.000310   -35.084044
2.879138   0.000299   -35.239415
2.880710   0.000289   -35.395723
2.882282   0.000278   -35.552981
2.883853   0.000268   -35.711200
2.885425   0.000259   -35.870390
2.886996   0.000249   -36.030565
2.888568   0.000240   -36.191735
2.890140   0.000232   -36.353915
2.891711   0.000223   -36.517115
2.893283   0.000215   -36.681349
2.894854   0.000207   -36.846630
2.896426   0.000199   -37.012971
2.897997   0.000191   -37.180387
2.899569   0.000184   -37.348889
2.901141   0.000177   -37.518493
2.902712   0.000170   -37.689214
2.904284   0.000164   -37.861065
2.905855   0.000157   -38.034062
2.907427   0.000151   -38.208219
2.908998   0.000145   -38.383553
2.910570   0.000139   -38.560080
2.912142   0.000134   -38.737815
2.913713   0.000128   -38.916775
2.915285   0.000123   -39.096977
2.916856   0.000118   -39.278438
2.918428   0.000113   -39.461176
2.920000   0.000109   -39.645209
2.921571   0.000104   -39.830555
2.923143   0.000100   -40.017233
2.924714   0.000095   -40.205262
2.926286   0.000091   -40.394661
2.927857   0.000087   -40.585451
2.929429   0.000084   -40.777652
2.931001   0.000080   -40.971285
2.932572   0.000076   -41.166372
2.934144   0.000073   -41.362934
2.935715   0.000070   -41.560993
2.937287   0.000067   -41.760573
2.938859   0.000064   -41.961696
2.940430   0.000061   -42.164388
2.942002   0.000058   -42.368672
2.943573   0.000055   -42.574573
2.945145   0.000053   -42.782118
2.946716   0.000050   -42.991332
2.948288   0.000048   -43.202242
2.949860   0.000046   -43.414877
2.951431   0.000043   -43.629264
2.953003   0.000041   -43.845432
2.954574   0.000039   -44.063411
2.956146   0.000037   -44.283233
2.957718   0.000035   -44.504926
2.959289   0.000034   -44.728525
2.960861   0.000032   -44.954062
2.962432   0.000030   -45.181571
2.964004   0.000029   -45.411085
2.965575   0.000027   -45.642642
2.967147   0.000026   -45.876277
2.968719   0.000024   -46.112028
2.970290   0.000023   -46.349934
2.971862   0.000022   -46.590034
2.973433   0.000021   -46.832368
2.975005   0.000020   -47.076980
2.976577   0.000019   -47.323911
2.978148   0.000017   -47.573206
2.979720   0.000016   -47.824911
2.981291   0.000016   -48.079073
2.982863   0.000015   -48.335740
2.984434   0.000014   -48.594961
2.986006   0.000013   -48.856788
2.987578   0.000012   -49.121273
2.989149   0.000012   -49.388472
2.990721   0.000011   -49.658440
2.992292   0.000010   -49.931234
2.993864   0.000010   -50.206916
2.995436   0.000009   -50.485545
2.997007   0.000008   -50.767186
2.998579   0.000008   -51.051905
3.000150   0.000007   -51.339768
3.001722   0.000007   -51.630847
3.003293   0.000006   -51.925213
3.004865   0.000006   -52.222942
3.006437   0.000006   -52.524110
3.008008   0.000005   -52.828799
3.009580   0.000005   -53.137090
3.011151   0.000005   -53.449071
3.012723   0.000004   -53.764829
3.014295   0.000004   -54.084457
3.015866   0.000004   -54.408050
3.017438   0.000003   -54.735709
3.019009   0.000003   -55.067535
3.020581   0.000003   -55.403635
3.022152   0.000003   -55.744121
3.023724   0.000002   -56.089108
3.025296   0.000002   -56.438715
3.026867   0.000002   -56.793067
3.028439   0.000002   -57.152294
3.030010   0.000002   -57.516529
3.031582   0.000002   -57.885915
3.033153   0.000001   -58.260597
3.034725   0.000001   -58.640728
3.036297   0.000001   -59.026466
3.037868   0.000001   -59.417978
3.039440   0.000001   -59.815436
3.041011   0.000001   -60.219022
3.042583   0.000001   -60.628924
3.044155   0.000001   -61.045340
3.045726   0.000001   -61.468475
3.047298   0.000001   -61.898546
3.048869   0.000001   -62.335778
3.050441   0.000001   -62.780407
3.052012   0.000000   -63.232681
3.053584   0.000000   -63.692859
3.055156   0.000000   -64.161212
3.056727   0.000000   -64.638023
3.058299   0.000000   -65.123591
3.059870   0.000000   -65.618226
3.061442   0.000000   -66.122254
3.063014   0.000000   -66.636016
3.064585   0.000000   -67.159867
3.066157   0.000000   -67.694180
3.067728   0.000000   -68.239341
3.069300   0.000000   -68.795752
3.070871   0.000000   -69.363830
3.072443   0.000000   -69.944005
3.074015   0.000000   -70.536718
3.075586   0.000000   -71.142420
3.077158   0.000000   -71.761563
3.078729   0.000000   -72.394600
3.080301   0.000000   -73.041972
3.081873   0.000000   -73.704099
3.083444   0.000000   -74.381362
3.085016   0.000000   -75.074085
3.086587   0.000000   -75.782500
3.088159   0.000000   -76.506718
3.089730   0.000000   -77.246669
3.091302   0.000000   -78.002039
3.092874   0.000000   -78.772184
3.094445   0.000000   -79.556013
3.096017   0.000000   -80.351850
3.097588   0.000000   -81.157259
3.099160   0.000000   -81.968833
3.100732   0.000000   -82.781970
3.102303   0.000000   -83.590646
3.103875   0.000000   -84.387231
3.105446   0.000000   -85.162433
3.107018   0.000000   -85.905462
3.108589   0.000000   -86.604531
3.110161   0.000000   -87.247753
3.111733   0.000000   -87.824424
3.113304   0.000000   -88.326456
3.114876   0.000000   -88.749628
3.116447   0.000000   -89.094249
3.118019   0.000000   -89.365000
3.119591   0.000000   -89.570014
3.121162   0.000000   -89.719506
3.122734   0.000000   -89.824354
3.124305   0.000000   -89.894936
3.125877   0.000000   -89.940382
3.127448   0.000000   -89.968215
3.129020   0.000000   -89.984292
3.130592   0.000000   -89.992943
3.132163   0.000000   -89.997200
3.133735   0.000000   -89.999062
3.135306   0.000000   -89.999754
3.136878   0.000000   -89.999956
3.138449   0.000000   -89.999996
3.140021   0.000000   -90.000000
3.141593   0.000000   -90.000000
